18,837
23,367
41,043
67,255
47,366
27,102
98,804
64,263
60,212
47,849
35,791
51,011
95,484
19,387
42,401
27,700
47,053
99,248
39,491
50,293
86,973
16,967
17,568
68,059
36,367
19,542
51,317
27,191
91,934
83,076
70,741
15,518
88,015
87,887
24,915
90,348
21,758
36,134
72,386
23,889
80,413
42,644
45,046
10,319
23,081
34,120
36,701
46,366
69,212
61,273
59,451
36,916
23,561
34,530
23,460
60,031
70,786
34,225
85,932
33,069
41,719
50,310
28,695
35,304
15,657
11,873
78,024
84,930
19,519
16,903
70,690
26,877
41,063
23,872
83,762
27,501
91,814
93,496
49,774
47,461
14,506
16,993
70,356
45,761
47,596
50,006
54,693
61,371
69,030
32,617
21,068
58,238
63,020
32,229
79,688
54,770
45,229
80,316
17,701
60,565
21,511
96,708
56,989
37,063
42,679
20,427
74,595
41,558
54,881
71,552
42,051
91,933
96,695
65,527
82,527
41,865
88,691
29,278
19,718
69,808
72,306
64,525
18,938
48,571
93,852
75,533
51,874
88,024
73,599
79,558
43,995
81,714
72,980
61,821
81,535
82,392
41,363
50,707
21,851
87,500
60,610
11,259
45,798
36,830
96,327
16,721
16,632
90,724
19,015
34,101
52,951
16,515
54,273
97,989
16,681
88,942
23,643
86,602
39,376
24,608
65,854
68,611
63,823
53,566
79,487
58,100
39,569
27,112
18,131
62,485
21,814
21,103
40,047
86,911
40,040
43,643
54,190
95,595
13,387
61,827
82,077
63,728
60,628
57,064
15,466
48,166
79,203
80,414
52,027
69,004
65,030
20,268
81,397
35,858
95,913
35,977
61,784
65,852
21,752
47,856
52,302
55,725
75,532
12,696
84,718
14,950
51,183
91,864
72,586
56,417
23,770
73,420
41,539
45,143
62,410
89,766
92,939
33,314
26,398
89,315
60,531
87,748
18,659
56,129
74,988
85,520
90,390
87,689
40,662
72,018
89,595
20,659
87,696
78,544
76,382
81,146
48,491
69,491
90,413
20,945
64,286
19,882
78,043
63,437
74,814
90,718
30,914
14,907
40,443
92,790
92,206
74,130
25,551
62,436
68,251
51,638
78,936
26,211
49,106
15,475
78,332
91,409
16,009
36,717
53,871
28,176
76,234
73,551
17,634
66,867
37,931
30,179
83,685
80,399
18,476
64,504
55,361
44,400
10,034
59,496
94,952
59,361
38,464
45,231
85,225
20,724
57,979
15,825
91,538
48,158
59,911
87,924
62,072
14,946
38,992
61,153
95,395
59,695
18,912
32,799
83,407
85,747
78,718
27,434
85,324
92,469
69,978
16,865
97,718
90,957
61,086
88,148
59,260
35,814
19,148
35,834
18,318
23,458
75,139
28,221
31,711
68,662
35,667
12,328
78,826
66,603
86,142
40,820
53,829
67,372
21,487
52,348
58,759
63,790
80,875
17,306
56,432
67,556
95,089
91,771
71,597
69,920
38,821
37,622
19,025
79,705
95,492
71,449
67,810
93,430
22,097
87,099
81,683
76,001
50,375
11,167
90,446
41,447
77,582
67,180
32,157
49,129
81,227
18,356
18,608
15,305
57,068
27,184
99,418
40,774
99,730
68,013
77,383
30,986
42,372
10,064
53,840
40,057
97,719
63,803
70,777
76,706
29,835
70,323
56,435
64,665
80,952
25,649
42,684
30,192
66,402
55,344
65,792
43,054
43,782
54,532
70,769
63,394
78,652
99,414
85,755
50,515
96,243
77,470
84,186
40,314
51,987
17,403
91,973
35,543
88,527
82,888
99,882
87,006
52,633
81,206
49,604
30,075
32,762
33,378
93,738
71,749
48,472
17,222
88,055
91,045
61,505
69,872
28,218
60,737
61,790
66,778
76,365
79,403
54,966
77,196
49,366
17,047
84,056
72,708
70,486
89,909
38,375
12,596
42,313
12,276
59,793
29,432
79,523
50,034
47,621
49,657
30,632
72,400
34,761
35,653
73,239
35,734
57,382
82,728
10,797
46,704
44,715
80,692
45,809
82,382
13,708
53,839
91,725
35,630
18,859
31,329
61,184
37,832
82,873
50,144
88,519
82,700
58,021
75,827
77,623
84,777
55,552
14,549
96,655
56,314
31,540
59,243
15,864
96,079
78,748
93,031
29,590
71,349
37,674
91,345
71,482
93,814
33,376
18,885
99,716
96,517
12,190
47,421
61,922
41,718
43,688
67,212
36,808
17,019
65,674
14,172
99,960
37,272
11,559
18,530
19,618
72,736
27,649
98,366
44,802
56,333
91,633
93,185
64,704
59,897
11,921
63,216
56,579
98,516
97,358
22,530
60,087
36,008
18,034
91,439
75,147
40,392
47,107
72,190
70,928
65,448
82,841
46,850
39,284
12,503
17,394
25,735
76,003
22,884
23,279
20,324
35,162
50,399
88,486
74,219
58,003
49,194
97,084
40,278
36,558
43,406
34,848
24,138
23,383
91,029
59,180
17,156
11,449
77,432
40,385
43,537
30,356
13,730
84,956
59,385
95,548
14,163
23,511
99,951
65,259
73,309
38,956
93,261
46,439
11,337
81,577
94,932
13,488
39,450
34,240
76,043
67,571
25,427
58,765
10,339
76,251
15,284
22,096
95,360
16,471
76,628
62,587
36,740
77,296
86,275
72,195
51,357
85,799
94,833
60,501
33,141
25,994
81,354
86,365
64,951
50,614
91,895
85,267
49,782
73,801
98,054
42,570
10,772
46,668
98,376
55,617
98,625
65,952
86,320
58,140
62,944
21,699
81,975
60,400
73,692
28,142
74,471
73,745
52,543
22,693
92,154
27,126
48,299
17,729
38,219
18,043
26,110
76,926
25,488
70,264
99,173
41,222
49,919
43,233
12,598
32,388
35,158
72,294
70,283
44,343
99,745
47,850
30,847
73,254
80,531
78,500
28,791
56,215
43,783
65,643
81,942
13,947
79,775
20,368
82,095
79,842
76,424
21,518
18,005
68,397
84,440
33,134
61,190
91,072
82,667
26,126
74,900
66,866
55,380
49,609
59,543
85,165
76,733
47,949
80,563
21,982
56,860
63,887
14,856
65,821
20,665
40,261
12,159
76,736
48,316
85,329
69,028
73,471
77,883
80,659
12,588
68,182
56,157
79,275
10,680
78,007
43,922
73,564
72,755
96,392
52,001
29,024
62,946
87,947
39,998
17,133
84,172
70,119
73,947
42,798
74,064
56,481
18,412
66,410
55,719
90,708
84,148
36,183
17,400
18,492
60,376
75,767
43,903
73,129
76,199
62,816
95,757
11,613
52,130
11,748
71,962
81,404
16,397
53,570
74,292
74,001
92,994
18,361
13,861
61,620
37,747
53,799
26,904
90,227
55,365
72,545
98,022
21,056
99,657
47,546
42,624
60,369
11,249
55,674
58,123
16,291
77,951
75,456
32,283
36,228
39,970
75,639
10,922
27,695
39,797
52,964
96,971
80,747
11,100
40,050
20,431
32,522
48,084
37,324
57,327
63,248
20,232
52,949
53,604
66,982
85,546
39,891
49,405
55,893
68,342
11,180
30,496
18,288
78,997
74,565
70,411
16,539
44,982
52,547
69,983
97,561
75,754
28,847
35,090
38,986
90,136
91,290
70,896
94,204
66,809
27,243
78,043
51,990
79,634
70,514
57,620
61,944
16,188
77,672
10,461
87,343
12,991
28,514
30,381
84,334
74,059
37,461
54,720
29,631
14,410
72,203
77,961
96,954
22,365
38,110
16,636
59,846
32,415
64,674
28,088
77,696
83,571
14,553
30,429
18,540
89,397
27,703
31,390
71,804
37,248
17,171
13,610
37,785
24,940
88,448
83,094
32,357
69,476
87,734
50,263
31,183
26,346
46,571
52,325
62,184
30,417
67,547
59,107
61,710
14,671
52,770
79,035
52,866
10,768
94,884
64,767
24,512
79,937
18,996
22,049
21,203
76,219
40,439
86,386
12,625
66,457
90,704
52,387
40,539
21,384
82,197
21,699
43,745
19,841
16,761
37,707
64,009
14,132
49,529
80,553
87,914
21,247
96,387
27,512
97,749
35,452
65,653
96,548
46,628
59,559
82,260
40,259
44,548
85,030
21,341
46,954
14,071
23,765
36,859
61,152
90,990
51,668
39,639
20,545
48,836
98,325
79,164
10,169
23,305
52,645
62,485
89,194
66,940
81,219
63,539
74,073
83,620
97,264
59,913
76,738
64,156
17,621
14,945
70,090
76,170
29,340
45,493
19,737
34,161
65,619
75,476
70,268
36,286
41,217
55,040
91,670
22,522
15,701
49,623
39,551
44,828
97,471
24,125
77,534
71,907
88,700
84,142
54,700
72,185
18,266
73,840
78,189
84,814
65,702
30,681
93,362
57,158
18,899
92,577
33,008
43,868
85,078
90,072
46,494
52,097
27,746
97,108
20,033
60,731
43,946
92,468
79,882
22,895
90,612
36,530
84,236
40,489
38,603
95,572
94,706
89,816
81,751
94,096
27,821
10,421
31,283
31,234
67,786
59,816
38,379
49,074
98,737
76,545
51,472
11,173
86,353
65,912
57,848
85,151
17,667
32,768
43,700
47,328
19,949
21,854
76,266
39,095
22,514
97,776
70,657
24,448
60,625
82,014
98,383
15,288
25,446
88,077
50,970
69,031
18,465
58,665
33,942
67,811
89,523
38,156
85,550
72,280
27,091
75,377
45,107
27,750
97,925
38,876
45,900
95,508
95,966
51,086
90,161
95,010
66,079
72,252
58,182
41,143
34,597
75,191
40,976
94,456
48,105
36,668
84,215
86,942
88,809
76,461
93,635
60,049
32,666
75,148
30,357
10,560
49,058
66,571
23,727
20,178
94,794
19,774
69,728
19,979
76,444
45,291
17,463
94,149
28,799
18,049
42,092
13,091
41,129
52,142
23,716
99,032
92,181
88,311
81,632
28,535
29,918
99,024
57,800
88,396
37,848
51,330
50,686
77,801
91,997
44,517
78,468
20,293
94,111
53,293
64,068
12,714
18,116
37,906
45,268
59,217
43,694
60,426
25,367
24,809
25,392
76,605
55,963
80,625
97,082
95,432
52,582
74,144
63,359
44,457
43,632
82,538
35,149
65,119
67,110
32,118
20,155
22,540
13,273
75,547
32,020
82,578
12,999
64,322
83,818
40,117
30,939
82,950
61,400
32,709
16,490
53,837
30,718
42,792
40,616
13,050
21,300
73,458
27,942
41,885
34,547
95,574
74,686
18,043
38,364
97,123
18,875
24,498
95,214
54,547
54,639
86,992
94,730
90,110
59,812
80,518
63,052
31,142
36,165
59,124
10,397
49,945
52,846
53,274
75,768
76,765
97,518
92,852
38,308
73,963
34,062
83,828
11,961
77,069
11,120
19,322
11,144
31,862
41,331
20,978
67,193
27,249
21,396
80,672
41,730
52,591
20,690
42,314
89,887
13,693
28,679
91,382
18,773
98,571
55,508
46,073
72,777
66,972
91,505
69,783
93,011
24,404
84,606
53,641
19,514
32,633
63,505
44,342
50,353
76,845
23,765
83,635
62,932
98,717
98,070
98,480
93,936
75,214
98,161
86,027
67,750
82,368
71,450
71,125
51,860
41,367
55,043
28,267
63,353
41,024
66,043
33,956
51,628
11,670
53,520
81,713
49,379
28,016
40,430
72,874
46,595
29,744
34,783
71,941
48,550
75,721
43,416
15,035
74,576
44,282
32,995
39,458
90,222
92,541
31,999
52,961
88,574
75,285
57,262
81,775
44,800
87,614
64,669
19,075
26,328
58,860
28,562
78,780
22,835
17,576
85,458
12,296
30,380
70,981
15,571
71,112
57,048
18,001
43,038
72,790
64,343
13,681
36,006
57,613
98,378
38,641
40,774
12,406
65,413
82,288
47,135
52,037
80,694
59,747
58,133
67,041
99,845
67,815
31,390
64,741
53,769
70,404
66,305
19,724
33,263
12,304
24,717
56,518
65,796
39,018
61,604
65,557
36,398
41,039
69,793
12,876
53,048
75,178
57,943
84,049
11,525
58,885
26,699
52,140
73,413
96,857
41,777
91,997
52,284
53,917
29,533
55,859
70,835
88,468
12,928
73,279
53,158
80,656
18,671
44,482
46,347
26,413
73,514
42,243
56,740
91,515
49,840
49,850
94,299
46,021
81,945
74,273
96,806
50,065
91,298
82,259
13,364
31,869
99,495
91,433
42,942
63,326
10,818
26,776
58,198
81,715
94,730
90,700
89,704
50,268
89,253
23,414
84,158
18,162
71,769
29,796
16,931
41,014
45,930
46,290
75,393
56,638
59,791
61,407
19,849
61,637
78,397
51,562
23,864
35,013
41,011
45,744
23,567
18,358
61,003
75,894
94,322
57,709
99,639
87,170
93,345
84,977
56,864
17,389
90,438
70,082
89,237
52,565
58,106
49,421
45,650
51,461
67,265
50,829
21,983
36,037
29,805
89,687
20,450
13,062
41,062
31,338
26,888
94,585
10,659
48,375
14,680
42,234
84,309
36,029
80,400
79,230
59,102
59,579
52,600
85,616
35,108
25,730
62,745
82,223
30,941
90,648
98,839
91,304
40,931
88,688
39,118
22,702
63,677
74,673
57,056
41,682
11,798
55,100
56,641
23,087
53,953
79,883
45,376
54,908
98,352
75,409
34,849
10,965
80,711
99,161
45,368
11,705
42,830
62,194
79,296
90,890
55,444
31,323
19,174
86,220
22,749
65,476
88,466
20,194
20,440
71,583
49,626
24,054
47,192
21,410
80,262
45,825
35,693
90,358
53,962
17,437
96,171
95,978
51,050
22,926
34,322
84,179
48,630
17,281
75,520
34,609
38,680
30,105
63,724
46,475
70,996
13,479
87,301
66,970
23,510
14,665
71,358
11,102
25,476
26,853
99,321
70,925
21,512
24,831
48,936
42,203
79,649
23,708
29,898
53,904
23,956
23,428
99,461
15,657
78,999
99,230
68,116
18,149
85,656
37,821
79,952
96,168
40,181
11,656
58,699
51,082
23,117
98,083
16,226
16,442
12,446
22,834
60,507
10,807
49,094
63,106
76,629
85,590
92,941
78,946
94,657
39,264
72,709
88,408
23,799
70,250
20,764
68,531
48,851
80,406
30,016
78,382
80,520
74,320
46,909
54,339
24,175
35,827
32,054
62,768
89,024
57,405
83,726
19,016
95,399
47,949
90,521
60,158
20,718
88,739
67,395
76,713
15,638
35,468
15,512
28,727
77,266
81,153
23,228
85,319
50,089
25,138
64,286
92,192
28,108
25,647
23,218
46,035
59,891
32,893
14,064
56,210
27,990
78,425
92,461
22,597
72,452
56,030
66,448
17,098
82,148
67,370
60,734
31,407
30,101
75,568
37,569
68,090
17,579
86,713
19,500
69,405
13,617
38,360
68,726
24,653
90,254
19,690
34,585
76,905
57,659
96,128
30,101
17,159
68,098
72,217
57,526
38,653
77,063
95,321
49,775
90,541
91,615
81,665
39,072
27,122
12,666
85,504
55,993
29,742
38,531
46,281
42,680
56,948
33,588
61,346
65,999
19,063
61,257
37,041
94,511
48,567
77,836
70,542
34,491
11,534
62,236
68,649
38,337
93,424
99,611
73,964
88,496
93,721
77,406
60,230
88,874
18,098
97,774
17,215
67,949
23,128
41,048
54,892
65,555
62,007
66,515
52,022
94,997
26,108
46,808
37,257
11,779
31,275
56,672
34,836
83,762
29,562
55,642
81,237
93,357
33,678
45,682
55,161
19,572
92,809
81,184
29,089
90,516
86,584
52,136
21,197
53,594
29,089
38,189
86,278
71,978
10,828
18,162
41,341
54,166
16,812
96,966
90,324
29,728
57,034
27,557
71,884
40,346
38,625
36,852
25,300
94,102
43,701
80,550
75,495
30,769
56,488
51,130
85,915
87,238
84,727
75,462
82,694
26,043
37,089
37,928
39,321
96,410
25,592
77,753
53,070
30,485
28,699
91,198
41,532
15,452
62,494
37,153
65,696
45,437
79,955
28,039
52,551
40,196
31,062
43,835
77,891
10,829
59,157
48,450
50,993
43,399
64,454
27,758
77,132
66,664
15,270
75,589
82,400
95,795
12,848
44,814
83,761
23,491
86,807
27,709
16,912
49,302
18,632
12,699
29,249
20,471
60,580
90,806
81,745
39,458
82,222
23,767
51,217
36,338
85,729
24,480
89,678
99,002
62,635
68,465
46,866
74,088
67,370
98,871
94,191
72,881
84,432
62,281
27,330
16,758
13,073
89,401
65,437
97,093
19,729
39,835
98,558
19,756
14,227
39,997
16,591
25,285
93,008
54,905
82,748
32,235
97,808
10,988
47,457
42,765
31,751
99,172
56,673
75,891
78,069
14,338
62,829
60,298
42,568
53,775
76,831
84,430
33,752
61,331
33,539
77,699
23,811
17,193
60,039
50,420
10,468
31,953
81,675
81,012
94,123
86,955
20,316
65,658
10,066
33,120
62,595
34,245
58,716
59,954
46,737
87,126
83,242
57,440
68,510
47,853
81,605
46,627
48,856
63,800
41,736
53,619
41,334
66,252
57,005
33,326
49,571
89,474
53,408
49,737
63,292
65,713
38,590
44,090
80,714
44,034
28,406
71,355
63,883
93,357
12,781
95,542
57,977
28,181
11,458
62,812
57,894
39,989
92,028
14,638
68,845
41,257
17,916
35,917
40,933
90,057
66,693
50,119
28,849
27,410
44,467
17,342
84,739
52,231
72,108
88,063
10,344
79,836
94,599
55,642
77,301
28,381
93,934
11,778
62,263
62,636
49,628
98,212
29,511
11,963
18,404
67,602
65,378
57,223
57,729
42,120
74,322
13,606
54,774
21,455
65,144
53,492
95,418
84,735
11,044
96,262
28,580
64,026
93,465
65,761
99,256
27,695
62,586
97,873
79,192
60,732
74,820
42,898
30,953
45,662
29,657
69,623
23,960
94,709
21,765
14,652
32,359
81,923
66,151
60,089
54,594
20,905
99,126
92,430
24,104
36,574
67,485
32,278
43,119
49,921
66,508
69,585
73,787
99,293
61,160
19,060
10,345
93,310
12,609
33,494
65,736
99,701
54,523
15,787
64,006
95,004
14,135
52,522
70,424
32,631
48,610
90,816
93,842
54,621
34,891
81,261
60,644
57,020
21,908
55,728
34,630
63,798
46,788
93,588
62,551
18,201
14,936
10,762
66,262
87,620
41,299
14,667
30,824
39,950
20,147
51,260
68,660
73,718
56,054
51,658
33,512
11,120
25,719
61,564
94,497
87,928
72,415
74,450
41,287
33,509
54,568
58,128
46,493
88,917
33,753
17,372
35,261
62,971
86,635
51,033
42,005
48,837
60,981
63,793
17,596
30,807
52,047
22,361
50,993
70,943
90,489
52,694
91,748
64,848
66,480
99,991
81,633
69,803
20,371
19,226
81,846
81,697
36,067
52,996
25,275
31,904
85,048
80,836
74,293
81,105
14,089
15,518
47,340
13,545
18,508
46,800
63,631
40,852
53,057
43,374
41,086
42,501
58,093
62,268
42,083
20,723
71,957
27,876
20,377
42,981
87,082
76,039
79,326
51,715
70,807
57,989
82,214
49,381
65,358
10,084
17,383
18,366
98,443
18,184
61,102
22,141
15,318
72,313
15,481
14,726
75,279
76,941
28,887
17,901
67,422
20,233
38,425
53,367
46,055
24,884
43,581
78,801
44,129
45,611
36,745
50,720
66,935
23,729
29,517
60,928
72,148
84,671
86,442
62,149
38,102
86,108
34,790
63,321
83,162
37,991
76,309
86,185
41,367
69,878
91,230
77,038
69,713
52,934
23,813
22,539
45,953
40,774
82,726
33,510
99,858
87,612
23,649
21,000
65,901
78,456
76,292
32,741
80,036
99,202
41,483
32,505
60,697
33,253
31,415
29,188
79,572
76,305
52,150
90,928
12,119
35,830
32,429
31,050
42,419
63,595
66,308
76,478
23,055
64,547
78,180
95,853
59,411
11,914
38,241
99,230
90,380
68,086
70,763
14,241
55,747
95,551
90,167
48,115
26,129
18,497
36,753
56,181
20,887
13,014
17,342
34,420
85,108
46,386
26,013
98,376
19,937
29,579
73,705
30,539
89,396
23,902
21,569
55,322
27,358
11,014
29,043
27,056
25,438
71,922
68,999
69,992
75,858
31,280
40,216
40,445
14,386
27,580
73,099
19,837
83,926
30,063
46,717
65,100
88,720
72,489
55,077
70,269
70,877
41,189
97,064
38,636
32,406
61,451
74,855
23,685
46,055
80,636
21,716
98,211
59,563
71,975
38,479
49,668
86,057
69,781
85,074
49,312
98,509
11,674
10,531
31,683
67,049
28,505
25,079
46,368
17,753
10,533
43,811
31,707
82,064
66,935
55,285
96,196
55,352
79,401
29,630
22,266
36,770
29,992
25,449
54,475
50,945
57,988
76,135
11,656
29,588
90,274
68,923
40,639
93,679
83,139
78,018
98,123
99,460
62,072
20,816
41,098
59,459
67,150
64,716
98,768
66,660
54,551
59,394
90,795
14,795
78,599
17,102
25,692
19,874
48,208
65,154
81,612
19,730
17,119
83,093
13,240
79,870
30,242
46,957
78,102
57,631
75,345
81,698
66,896
13,953
83,641
84,373
22,381
51,031
84,529
65,615
38,184
48,992
35,148
66,462
84,337
41,284
14,130
51,426
28,154
33,502
56,589
41,482
39,758
88,401
83,085
52,526
82,129
66,571
96,013
83,525
43,903
52,671
36,323
69,648
13,041
11,983
60,757
83,230
20,493
34,771
24,916
91,096
23,924
14,348
81,162
10,889
20,595
15,329
28,211
64,966
22,225
90,209
95,464
92,533
61,503
89,056
19,878
63,241
34,351
66,286
12,669
20,826
72,607
55,181
40,418
85,286
22,029
51,491
95,138
67,636
89,961
65,388
50,047
72,879
54,722
43,478
58,421
97,523
23,329
37,509
21,872
80,033
82,247
83,356
60,819
39,273
15,846
89,915
72,938
30,684
57,616
63,081
88,981
84,796
43,873
16,584
72,799
35,042
66,616
25,594
24,969
38,341
61,237
48,110
95,968
76,258
56,745
89,529
34,843
19,960
18,193
86,144
61,904
55,606
71,760
94,623
40,015
23,286
64,964
51,732
72,758
47,678
36,003
92,596
78,057
88,391
53,437
90,424
83,403
16,987
86,920
36,819
21,085
60,406
27,995
23,641
33,109
31,821
92,033
42,686
36,805
37,527
90,160
90,287
16,175
58,905
35,200
59,119
68,210
50,475
91,341
29,445
25,131
95,966
85,264
63,873
70,215
73,607
65,681
26,122
68,803
37,234
92,885
75,201
64,735
14,565
81,215
48,997
91,218
42,740
68,901
45,827
76,065
59,121
33,975
96,567
94,330
25,823
69,767
46,830
29,722
41,001
35,049
39,050
23,892
21,242
24,527
74,780
89,061
72,687
91,823
43,924
96,394
79,951
56,243
78,791
33,192
12,686
37,212
57,560
76,560
94,506
75,395
12,556
50,993
74,068
63,299
31,587
38,173
82,674
24,728
73,204
91,192
49,400
59,325
29,847
60,626
40,728
46,193
44,531
51,320
49,713
94,077
14,635
76,071
70,337
80,480
58,923
52,663
63,354
67,102
56,313
65,285
67,846
42,313
93,910
26,793
14,382
73,469
63,912
66,497
99,418
28,897
77,156
74,222
86,248
53,790
43,629
64,084
98,036
97,114
91,460
43,326
80,344
29,375
17,966
63,355
66,766
96,031
42,293
68,247
82,358
68,546
65,822
42,253
94,500
67,253
52,469
12,056
10,989
91,623
95,789
54,451
48,296
15,485
40,599
57,724
48,381
85,549
11,780
19,984
84,082
72,763
49,764
54,983
52,803
78,524
87,950
94,316
86,177
73,621
13,168
49,075
56,034
91,576
63,730
74,525
76,344
22,641
99,135
56,047
47,885
87,200
71,468
92,322
20,541
55,993
66,348
96,826
87,430
57,423
98,840
12,649
59,354
91,648
56,339
47,472
74,496
36,707
15,712
64,702
17,105
53,697
18,866
27,846
49,124
57,356
47,002
30,497
30,735
19,190
83,111
19,552
41,072
77,870
16,308
76,786
26,150
42,880
98,746
26,906
14,007
59,898
32,391
36,361
85,279
62,374
93,651
29,107
10,818
30,870
77,268
32,880
55,412
76,582
52,929
17,330
60,977
63,928
66,926
42,643
22,308
36,684
50,561
28,226
28,876
93,334
64,073
92,743
31,623
90,184
73,454
79,303
40,616
41,550
54,133
23,234
79,905
71,989
19,822
86,972
17,445
90,729
42,704
69,584
58,241
62,609
68,475
47,558
94,904
31,695
53,475
14,233
67,440
97,916
91,890
52,339
49,106
49,915
23,825
88,257
97,453
47,285
61,953
75,246
18,023
44,281
52,370
86,637
63,935
74,241
21,020
25,456
59,066
56,588
57,125
57,729
13,580
64,949
42,401
98,159
48,482
23,179
52,350
98,521
98,053
54,995
24,089
71,001
65,346
28,407
47,036
34,724
75,235
22,546
89,657
49,821
77,468
45,349
51,653
65,011
15,089
41,294
70,473
66,808
55,077
55,745
72,041
31,060
53,978
86,584
62,052
98,589
40,271
14,201
58,679
38,013
94,980
62,643
53,200
14,924
87,833
83,591
15,834
33,049
50,618
91,994
97,859
67,229
32,915
38,789
57,734
35,496
57,568
13,054
35,054
98,244
33,704
35,424
86,400
79,383
11,657
77,704
67,094
71,514
18,763
52,760
45,615
29,191
72,639
15,749
73,015
79,417
88,341
74,589
67,456
46,378
50,379
63,134
39,172
63,328
51,699
96,427
79,608
54,054
89,714
63,114
93,265
46,933
23,434
38,219
48,667
23,529
41,992
17,687
77,425
52,870
67,277
47,274
74,683
42,416
25,693
81,219
75,829
91,938
36,052
51,472
74,544
40,513
70,770
51,915
58,654
17,987
99,018
94,037
69,967
38,162
15,946
22,391
27,862
76,517
50,665
65,953
23,708
54,161
89,024
16,687
64,676
41,166
59,650
21,048
88,302
92,120
97,932
14,558
19,099
48,844
58,462
90,073
63,294
51,932
47,943
29,428
33,108
70,573
63,277
39,873
71,517
76,762
33,397
29,305
57,476
15,422
32,820
99,384
36,747
62,474
43,123
34,932
11,450
63,980
80,442
53,943
96,072
46,111
60,802
27,029
34,147
47,770
16,110
61,159
70,845
79,256
46,590
47,155
85,687
67,450
41,571
76,813
56,087
29,718
61,132
11,306
90,066
95,028
91,598
80,321
13,105
46,655
36,513
69,396
58,092
77,468
20,031
67,249
64,068
20,217
26,554
17,341
30,136
62,492
36,634
25,721
54,418
87,738
99,625
78,934
33,026
57,589
31,833
75,983
58,154
64,268
31,748
70,603
73,242
87,520
28,043
98,598
97,987
73,200
42,761
82,946
42,888
10,314
91,607
37,061
31,199
56,839
67,666
58,109
51,437
75,072
64,473
72,742
64,445
27,464
61,238
18,287
92,665
64,721
78,994
41,710
25,115
29,794
79,705
15,833
94,737
26,665
22,417
44,401
11,464
42,404
13,373
61,826
67,165
91,794
41,774
92,952
25,529
85,985
67,699
29,938
50,148
29,180
47,488
54,511
64,905
85,583
86,186
86,726
37,876
37,727
87,708
23,513
65,526
19,342
36,204
29,667
35,831
95,117
96,784
57,707
20,403
55,951
19,072
64,777
81,627
66,799
89,959
24,926
77,313
29,885
53,310
99,284
89,108
42,533
88,815
30,171
96,094
64,532
32,522
47,877
91,640
28,956
74,305
56,314
26,670
97,769
11,771
24,830
91,595
87,324
23,538
57,333
68,692
19,203
99,115
89,755
75,806
80,817
66,987
56,019
76,489
24,048
93,289
99,070
62,903
69,304
72,822
59,592
50,062
48,768
40,763
84,725
22,220
96,202
91,583
26,223
40,344
96,600
40,066
19,967
44,549
20,372
30,917
24,198
96,945
20,048
74,328
37,992
91,097
68,029
89,421
19,856
79,933
53,757
72,555
63,535
95,529
70,563
83,198
54,054
71,766
72,480
58,540
96,771
74,717
91,936
53,218
35,483
33,376
51,873
97,826
58,220
79,940
73,285
10,941
48,467
39,451
11,535
96,875
28,684
40,922
35,178
29,892
99,792
73,792
76,414
69,024
74,774
13,037
12,888
40,077
99,882
41,503
94,528
98,358
59,116
67,143
97,646
13,847
90,738
86,258
42,500
51,014
21,884
23,894
40,281
29,054
68,970
68,878
52,084
76,860
54,491
98,219
34,290
30,132
25,780
29,499
52,700
21,523
54,426
66,388
64,448
44,070
10,568
35,321
61,051
42,699
15,556
63,586
40,646
97,784
42,293
43,785
94,788
68,251
84,316
61,028
90,842
34,079
82,352
22,369
49,634
79,882
37,394
50,891
52,707
14,082
67,688
54,996
37,482
66,417
21,720
91,724
17,368
23,946
29,921
78,283
56,878
75,688
38,585
54,421
80,428
19,856
49,262
83,811
82,945
90,700
45,179
68,664
26,917
11,420
44,460
83,541
30,709
10,873
52,478
81,671
91,433
13,509
16,643
33,836
96,626
21,861
12,256
59,810
94,070
28,460
46,414
96,845
11,439
94,746
18,713
44,518
34,529
98,669
73,244
35,415
82,742
37,602
14,956
82,395
55,501
20,886
97,769
89,711
11,691
13,563
10,455
15,519
68,445
93,421
16,737
94,173
68,057
61,678
80,070
20,398
99,579
22,398
74,032
95,718
38,040
68,485
96,206
33,472
81,798
29,744
92,239
11,071
66,215
51,238
96,948
60,847
42,326
56,046
27,429
52,085
37,893
38,829
94,746
39,737
50,388
73,113
80,136
66,455
35,956
27,666
19,311
65,575
72,399
87,622
79,112
76,824
59,165
21,423
89,602
45,012
55,000
76,930
29,647
90,774
73,892
18,674
32,565
11,832
80,520
19,554
49,176
12,440
98,287
60,741
28,641
80,278
86,702
73,435
96,567
77,353
89,182
43,352
16,559
10,545
82,426
28,894
77,909
86,003
98,592
60,566
50,936
33,189
70,598
36,781
86,562
33,398
23,197
98,439
75,620
94,200
45,329
90,608
27,679
65,237
24,567
91,669
59,279
55,495
64,574
27,406
94,760
73,748
27,664
75,216
92,105
89,989
56,641
93,617
36,116
47,444
74,598
82,447
19,089
49,764
96,620
40,780
24,337
64,258
48,733
98,607
17,833
50,676
78,486
23,525
34,259
57,801
42,202
68,339
57,545
91,697
82,437
66,819
98,432
76,099
88,770
22,620
76,021
95,019
32,085
92,959
44,712
94,198
24,459
51,952
58,544
28,502
86,104
25,874
38,738
93,545
96,019
65,870
11,327
24,434
90,965
10,177
16,044
44,446
18,518
76,952
76,387
96,222
65,963
92,802
42,366
21,079
52,339
78,980
23,761
83,543
86,857
10,026
32,995
94,370
64,479
78,697
91,186
83,544
18,486
56,957
56,293
78,275
25,989
38,619
39,351
74,016
57,338
44,813
40,618
78,677
70,369
17,233
80,693
74,236
55,921
91,094
78,979
78,604
12,477
72,654
63,436
58,394
14,952
61,265
66,418
55,207
56,106
56,009
24,232
86,391
24,648
31,001
41,121
14,147
25,994
36,829
52,111
53,536
53,382
90,934
60,376
11,065
66,795
54,209
46,929
10,241
26,430
20,878
89,306
38,082
76,395
85,434
26,562
49,844
15,432
58,170
95,393
15,767
14,856
65,603
44,561
22,200
70,060
32,574
33,779
26,804
98,834
98,138
46,021
50,957
63,268
19,596
60,328
43,796
60,910
44,151
56,461
71,693
25,900
94,072
44,038
40,792
79,742
42,788
64,049
99,595
58,358
75,000
48,415
78,210
16,410
88,196
55,779
54,786
74,420
48,616
99,323
77,698
13,314
70,762
61,430
84,501
36,660
71,422
52,137
96,609
34,800
97,181
36,255
52,324
44,530
47,505
62,592
62,160
60,337
10,190
90,776
88,854
70,922
80,211
42,928
11,504
91,798
19,745
70,046
57,987
37,067
95,679
43,181
57,361
46,137
94,772
33,769
58,443
65,390
40,555
30,318
16,179
45,014
62,301
65,520
72,804
41,125
37,890
10,413
47,027
99,537
61,135
12,626
58,562
22,126
99,056
13,625
85,682
51,731
64,365
96,669
80,661
83,720
49,781
72,390
48,245
19,281
42,095
42,929
66,429
43,722
38,966
27,295
46,071
89,896
99,071
75,571
17,395
86,578
50,290
93,580
49,502
32,772
51,032
41,461
20,645
95,155
40,190
73,159
27,148
45,801
50,091
50,675
55,583
94,638
35,608
75,673
71,826
11,933
32,285
56,193
57,817
61,124
35,928
90,683
65,811
55,366
84,915
20,018
54,458
86,734
29,573
83,086
24,099
56,252
13,204
99,003
41,609
67,930
17,719
10,114
15,657
29,444
53,313
46,086
74,629
71,592
99,656
86,049
77,670
41,724
53,352
99,587
14,044
60,373
82,899
57,200
38,060
96,270
71,849
11,954
41,078
68,537
18,969
31,241
11,527
55,610
89,469
53,553
31,910
80,107
21,095
50,478
35,421
34,528
25,917
40,614
76,225
77,894
28,341
94,223
27,755
38,553
43,870
47,961
23,915
11,103
54,821
66,880
81,877
41,247
94,945
84,586
51,305
68,290
18,729
72,169
68,131
69,324
27,268
78,451
41,002
31,820
93,777
52,120
90,691
84,840
78,478
23,498
16,200
85,464
39,770
62,209
20,747
37,630
20,102
86,362
39,550
10,299
87,327
64,522
52,253
23,395
47,418
41,098
81,029
40,707
39,813
16,381
27,808
57,811
75,896
52,233
70,376
37,839
42,473
62,146
42,173
34,401
43,336
81,735
60,435
48,405
73,832
75,813
12,750
48,881
78,253
82,002
50,848
19,607
12,782
55,000
27,386
74,451
65,396
78,962
24,802
96,941
80,492
92,261
38,294
79,175
33,091
51,160
41,027
21,202
33,690
99,223
72,114
72,794
71,728
21,995
34,457
95,523
39,654
98,784
33,762
57,624
89,251
64,206
56,408
57,303
88,935
37,032
41,345
77,919
93,631
76,993
71,658
34,538
98,701
34,659
32,004
64,391
93,617
82,236
57,391
65,018
98,855
57,957
85,649
20,189
93,124
18,181
38,750
51,570
74,495
26,292
87,865
14,188
85,956
61,510
67,257
79,739
63,698
89,699
19,105
21,737
90,837
22,929
68,738
79,074
27,459
68,358
21,093
69,889
38,338
64,083
33,846
95,131
64,932
24,238
45,152
60,838
40,490
88,891
65,452
71,860
52,842
59,502
66,420
29,578
18,960
19,467
85,910
63,719
98,368
25,571
66,347
21,742
17,102
92,635
52,182
71,045
10,710
93,850
79,445
80,974
86,989
59,331
44,992
15,775
39,567
77,745
95,189
53,888
51,511
63,466
10,694
29,046
83,398
92,558
54,992
63,116
24,558
67,394
11,134
18,243
99,268
99,007
43,556
12,979
16,335
11,181
37,188
49,420
45,518
84,104
43,558
47,974
80,119
70,860
95,320
32,042
56,782
73,917
64,700
35,935
74,648
40,193
34,002
56,061
37,206
97,431
70,259
76,996
77,628
81,289
27,774
43,345
93,039
88,264
94,859
99,155
91,591
35,532
46,206
44,426
21,680
58,951
75,635
47,476
58,493
72,508
90,320
35,763
22,733
33,298
37,627
71,090
33,785
11,333
51,859
24,655
55,163
30,020
99,756
20,877
55,502
34,504
28,901
92,596
21,209
63,844
50,092
16,645
75,247
58,462
55,453
76,773
26,748
81,737
73,903
82,228
53,545
32,742
76,138
61,359
17,385
50,826
10,044
31,434
50,053
35,377
67,707
42,546
60,927
96,849
71,081
41,919
86,504
68,357
89,722
31,340
68,385
94,887
43,134
24,583
57,455
85,186
85,842
86,202
61,835
48,549
98,487
32,689
60,805
92,740
10,306
10,262
27,241
91,028
44,536
86,906
74,705
90,106
93,906
50,001
83,624
78,995
96,082
54,779
47,117
69,249
73,784
80,594
65,848
37,627
63,672
27,403
80,834
80,345
62,678
95,701
24,691
33,593
50,774
13,159
45,807
83,756
18,647
33,180
99,647
28,068
81,947
72,235
19,658
38,270
36,398
39,229
93,865
66,671
37,496
84,766
15,467
94,034
51,221
26,662
54,040
81,719
10,443
12,226
62,195
52,675
52,847
26,489
64,663
68,287
40,736
24,546
71,423
90,895
97,507
67,325
16,007
42,908
83,813
46,626
38,178
54,106
22,748
24,619
54,596
50,182
26,472
96,082
59,380
44,970
59,134
30,495
89,464
96,740
49,805
98,810
89,369
24,244
36,740
64,665
39,628
60,108
59,426
20,939
79,333
48,835
70,812
11,718
91,644
98,660
54,613
26,469
67,405
18,609
49,815
12,581
41,427
50,887
96,140
71,127
99,574
38,282
24,592
78,288
32,428
35,996
25,622
82,839
48,349
83,345
76,938
71,371
98,623
10,245
89,185
14,695
48,724
35,179
84,774
77,257
99,376
11,901
81,421
39,277
77,998
40,109
71,313
99,306
29,969
29,191
88,107
89,779
12,053
95,799
62,146
40,326
46,477
87,278
26,375
46,532
88,737
83,792
21,401
81,608
74,437
56,355
65,814
46,104
93,676
88,347
20,332
78,250
77,701
37,057
58,520
31,811
38,122
82,938
16,990
61,182
44,457
32,720
71,346
91,754
76,340
95,637
30,792
91,134
28,565
41,647
93,776
57,103
15,856
64,043
83,191
78,463
95,996
77,285
93,596
25,252
95,091
18,127
78,444
80,020
29,624
79,103
15,158
25,943
60,206
45,768
79,023
54,400
50,532
66,352
46,594
41,995
99,865
72,506
55,975
39,616
14,182
19,259
68,655
73,021
95,849
34,711
52,254
39,162
75,290
63,558
19,729
84,933
95,611
93,119
84,588
37,043
59,212
50,789
57,630
80,209
22,196
76,399
34,179
39,348
67,508
69,008
88,632
28,223
50,603
23,164
45,701
50,309
90,929
13,660
49,791
83,876
88,018
16,432
63,930
48,349
94,856
67,599
37,761
23,989
31,510
64,350
74,265
41,483
99,382
64,203
49,350
59,150
86,289
94,343
12,248
19,433
28,543
91,568
88,268
39,255
29,036
37,296
79,468
21,844
84,804
99,771
46,559
93,182
15,634
38,293
49,657
86,193
80,737
73,836
95,281
15,949
19,820
34,194
77,198
61,365
83,276
13,301
41,455
55,499
82,651
95,177
62,903
85,359
16,991
23,347
39,664
56,295
46,107
70,316
20,999
30,858
20,692
54,022
99,480
67,133
35,736
39,161
85,348
57,242
14,670
82,121
34,314
54,056
87,911
56,744
36,817
27,006
80,880
12,645
23,840
42,804
40,010
68,642
69,720
99,360
44,627
59,759
72,184
44,629
60,465
24,337
62,539
71,921
18,628
34,503
12,168
76,461
47,006
84,357
30,070
45,040
69,066
87,699
85,433
89,626
70,556
74,718
21,348
57,621
53,709
64,502
91,990
37,838
44,665
15,928
61,694
12,598
77,689
49,473
98,468
19,526
60,228
56,347
83,458
90,621
25,284
43,666
75,811
27,938
20,678
45,274
18,949
66,892
99,121
72,999
69,182
76,870
46,362
45,778
92,435
88,619
24,162
99,778
98,217
70,614
85,899
19,029
14,773
51,126
62,831
76,319
84,207
92,192
39,952
14,753
26,383
38,435
74,218
93,357
70,610
20,939
38,645
84,507
65,837
34,685
99,554
95,921
85,599
77,004
16,124
69,974
39,352
65,331
38,127
79,753
66,674
96,601
90,464
88,182
75,689
10,138
29,737
46,823
74,653
87,618
85,441
80,335
78,496
53,164
61,891
64,643
30,559
62,301
22,943
64,114
23,581
53,034
66,942
51,268
93,844
97,594
28,607
41,066
92,164
97,429
29,303
84,612
54,021
70,544
99,697
63,584
76,374
47,470
86,024
50,176
35,838
48,232
23,319
32,182
51,379
15,237
27,837
21,736
67,032
33,973
11,365
27,712
56,658
80,982
11,012
40,267
16,572
94,146
83,829
41,545
23,904
83,674
56,407
25,097
61,520
16,351
23,223
54,171
60,930
49,434
17,443
11,272
22,422
29,606
12,191
69,015
82,970
48,714
28,034
52,885
15,319
22,786
28,110
75,164
10,892
23,910
93,529
87,665
62,609
46,763
66,100
86,245
21,642
33,306
79,760
32,154
47,234
85,353
26,090
76,024
87,798
41,152
38,928
20,707
26,259
50,916
61,211
90,572
90,424
87,656
87,829
16,914
71,953
93,624
43,368
93,923
90,968
79,917
63,125
98,281
42,606
87,362
17,306
72,257
95,338
49,466
94,625
19,411
53,718
10,333
88,915
15,574
95,027
94,871
55,327
95,840
75,877
54,115
82,654
22,399
82,507
99,932
34,708
68,898
24,928
38,634
87,264
30,728
91,080
95,728
29,684
94,032
11,065
20,859
72,092
62,865
81,256
39,668
63,759
28,577
40,711
18,288
85,076
85,704
35,416
61,285
86,075
25,306
97,442
74,669
50,913
47,945
73,339
97,160
18,478
79,651
19,881
51,108
30,931
35,179
83,947
33,126
60,506
71,327
32,029
45,978
24,457
80,697
55,300
22,936
33,482
97,578
14,394
80,383
45,233
32,696
96,566
22,954
64,109
63,351
35,441
25,034
19,896
59,777
99,216
78,801
42,435
61,555
91,594
67,083
57,695
57,743
55,671
66,904
18,374
34,091
93,722
34,872
63,881
67,147
26,720
34,999
18,575
90,677
67,888
54,454
29,759
30,711
98,746
93,786
52,646
51,663
61,627
34,443
52,326
28,509
95,414
96,211
69,334
49,946
11,077
84,213
23,470
95,386
62,712
94,810
54,861
91,896
35,166
74,770
34,768
67,812
93,874
96,014
52,264
91,510
58,149
28,101
99,741
29,363
58,083
67,032
24,691
11,329
63,127
57,430
76,364
91,618
65,329
27,384
50,997
51,934
10,894
46,912
57,131
40,952
68,836
51,407
18,821
39,051
79,240
22,239
10,762
41,899
26,504
38,521
45,688
12,756
72,796
82,981
34,974
25,678
37,997
94,627
52,614
74,458
79,260
62,881
43,192
57,410
94,676
23,180
36,657
14,763
40,010
66,971
23,740
62,158
66,722
99,407
59,389
58,549
60,507
71,660
87,197
50,006
59,912
45,853
52,596
95,621
92,209
66,979
53,658
57,190
34,767
76,527
53,673
57,093
73,261
61,015
62,802
59,744
62,618
41,991
24,785
10,784
85,019
21,140
88,649
64,860
77,813
47,077
46,591
77,641
86,723
85,314
82,627
18,582
59,567
22,815
93,564
20,080
84,556
47,247
53,746
89,926
59,731
58,270
56,926
93,710
84,135
60,234
76,684
84,878
52,385
50,734
38,165
20,007
32,917
65,045
55,215
15,396
60,268
73,768
10,671
28,929
88,167
28,835
13,432
18,837
40,282
31,250
83,223
18,966
44,384
67,227
59,071
14,284
17,877
10,334
13,444
13,148
79,048
16,256
50,105
61,734
20,428
50,599
45,270
90,316
20,492
55,239
92,253
13,734
43,550
34,299
51,091
58,569
49,259
84,259
91,233
95,025
51,138
57,870
59,875
36,126
79,045
64,505
59,072
54,808
58,518
93,893
68,317
86,808
57,695
88,364
46,184
36,999
25,612
42,330
41,834
34,716
31,700
20,636
25,032
66,964
44,858
97,515
94,400
40,347
46,372
62,476
89,840
43,630
15,611
68,403
36,465
47,007
61,118
82,564
74,153
12,236
87,855
89,187
41,033
46,935
78,205
20,000
22,724
13,018
76,996
93,647
11,699
66,890
27,020
66,605
15,902
30,779
83,510
68,872
74,397
12,313
38,597
84,699
94,748
75,154
63,535
62,377
12,511
51,876
93,852
98,288
19,763
81,787
82,506
76,806
85,151
79,975
43,614
20,532
91,990
78,585
31,863
96,173
29,550
73,794
52,924
67,547
88,134
82,924
33,144
21,735
56,680
60,627
32,244
22,476
26,280
75,435
62,480
62,009
47,246
39,984
59,042
22,429
37,613
66,545
75,704
99,033
31,656
70,785
94,923
69,492
98,066
78,447
48,219
63,051
11,442
15,343
91,646
94,908
14,859
90,212
75,973
41,597
35,473
58,602
23,471
37,357
33,191
59,416
53,991
62,944
88,533
97,477
45,037
59,378
71,101
70,085
24,108
17,598
18,880
35,071
24,892
16,878
28,194
12,315
54,612
72,131
17,391
82,092
27,481
39,470
35,551
23,941
31,362
53,991
17,081
24,563
35,148
57,006
93,743
49,601
34,824
99,834
50,361
10,016
15,743
39,268
17,478
23,846
51,834
18,909
21,603
19,700
64,226
73,629
20,997
70,453
34,630
40,093
10,231
91,383
71,294
33,786
97,132
69,888
84,448
79,994
98,880
47,357
11,966
42,957
39,609
83,136
91,926
38,721
11,699
18,582
99,436
12,172
56,090
94,866
55,303
14,745
99,754
54,105
52,472
69,258
73,536
17,347
23,522
23,842
20,300
31,639
78,292
18,543
11,011
20,927
73,677
50,908
19,352
80,805
14,252
53,088
43,564
44,459
84,453
99,716
67,581
43,419
55,919
75,248
28,810
44,678
54,248
95,824
15,191
60,334
31,671
89,807
66,514
92,734
50,886
27,566
93,376
53,551
13,477
57,796
32,538
82,359
73,267
22,740
39,985
31,009
23,427
53,525
76,639
45,351
62,639
61,633
65,362
60,084
88,536
53,798
29,055
39,396
84,746
19,861
95,966
92,326
28,372
42,305
22,939
45,740
87,890
55,729
50,752
36,851
22,664
21,866
14,274
66,334
81,524
81,728
31,496
71,448
46,324
73,717
93,412
61,963
50,355
61,197
97,115
13,497
59,861
11,230
41,351
82,041
75,091
36,615
94,322
60,271
54,353
26,922
91,849
51,700
14,213
70,197
16,362
22,100
29,686
10,082
83,241
23,671
96,668
27,932
54,357
12,021
33,634
91,297
31,660
90,223
78,754
95,087
78,576
25,881
88,883
14,425
81,226
48,536
17,034
61,701
95,020
92,063
15,945
77,638
27,935
41,586
38,169
27,861
57,597
15,205
69,906
62,271
73,379
10,318
50,185
32,320
86,829
17,917
39,346
10,728
89,990
33,704
72,397
32,720
17,811
25,191
56,173
60,429
60,156
98,405
95,319
48,935
57,119
82,008
58,172
65,504
97,002
31,310
68,173
45,197
99,770
13,713
46,539
66,929
49,662
38,803
15,667
90,124
15,566
74,247
64,621
66,038
45,202
91,887
59,785
13,241
56,193
90,389
45,165
29,727
70,753
39,292
30,347
14,990
39,734
84,777
18,982
78,321
77,229
22,910
19,145
52,993
27,201
32,824
46,048
89,963
30,770
69,360
98,254
25,435
65,587
83,589
44,149
23,638
51,995
69,242
87,592
11,876
74,062
54,631
39,266
41,108
13,390
87,316
74,203
70,340
99,695
81,734
49,923
68,544
29,965
89,512
51,620
98,048
16,864
41,839
34,525
45,938
83,489
61,846
30,708
55,968
22,084
59,078
74,339
91,154
18,677
90,688
62,083
59,357
53,285
92,735
13,011
54,379
48,801
94,152
57,129
94,884
31,740
21,169
28,921
86,136
11,161
25,875
88,796
67,430
32,536
79,337
29,577
22,936
86,014
21,647
36,145
54,784
70,581
57,838
89,614
47,217
65,174
53,606
12,787
52,622
81,424
14,942
99,407
70,113
90,274
22,836
53,436
53,512
15,159
49,211
89,846
31,398
38,710
42,177
48,075
14,478
41,780
25,365
77,199
20,911
19,319
61,348
37,282
65,859
43,336
35,553
11,352
12,648
10,435
56,726
28,423
24,244
13,163
71,153
74,736
87,004
60,866
41,030
44,653
52,374
68,555
81,513
64,337
70,234
80,117
73,080
46,211
94,393
18,270
16,225
16,931
50,506
80,291
48,108
41,966
96,167
86,106
23,709
68,366
89,782
27,781
87,925
68,902
58,809
94,156
75,408
22,872
16,450
84,457
64,941
11,818
55,116
55,308
68,185
94,859
27,386
61,587
61,434
19,227
36,791
77,376
86,711
29,947
62,437
41,587
17,692
65,477
76,587
24,207
38,945
29,703
53,104
92,323
31,055
85,161
64,402
35,396
24,905
62,843
89,774
49,671
36,816
86,950
89,342
66,498
14,307
82,614
30,388
12,020
75,473
22,905
64,951
94,736
74,557
67,930
35,014
39,701
73,654
71,333
73,799
47,058
62,156
32,058
53,337
94,244
35,380
64,015
23,350
48,219
17,587
38,003
77,239
82,592
57,504
31,492
22,978
98,549
15,259
77,965
23,336
73,209
59,841
13,563
59,316
10,975
28,549
64,961
82,394
17,704
25,653
33,404
97,566
24,096
54,476
96,794
82,686
24,363
64,739
83,347
72,010
10,634
42,790
86,811
74,002
22,028
23,495
47,642
47,045
13,180
88,253
59,352
62,233
22,710
50,840
27,340
11,160
49,325
67,344
13,703
71,366
45,821
89,384
43,871
24,044
21,663
57,370
23,829
49,294
46,434
15,111
30,142
48,994
21,030
38,030
97,888
36,008
89,092
44,798
77,478
25,924
46,601
26,011
73,404
61,626
17,079
43,339
51,466
16,125
49,414
12,339
35,395
36,252
12,706
72,746
79,871
44,250
67,619
28,174
25,776
58,114
70,730
66,059
56,978
11,454
39,005
24,911
48,214
24,870
12,855
87,501
34,660
55,974
16,648
90,060
32,536
96,640
16,413
10,036
91,481
49,546
17,354
91,585
98,008
32,462
14,466
31,910
22,122
71,994
43,092
61,211
47,502
75,473
68,842
97,834
75,878
26,893
58,270
56,816
28,867
55,520
91,032
94,458
22,658
80,565
91,046
32,769
55,806
98,611
11,167
62,349
38,434
24,845
94,033
29,786
98,326
63,331
64,758
36,265
82,791
86,965
10,211
52,027
28,275
47,174
53,400
19,657
39,170
18,712
93,594
39,237
35,367
29,903
63,541
60,925
19,120
17,081
79,469
83,035
19,846
83,008
71,602
28,944
64,625
47,253
85,458
22,824
94,652
78,338
83,209
29,736
37,738
42,446
71,545
24,724
63,890
10,825
69,293
64,538
78,596
81,049
48,988
22,029
94,015
44,898
20,278
50,435
28,859
92,134
67,291
90,058
57,273
89,058
84,317
78,955
96,635
69,328
26,412
86,244
32,476
40,303
51,724
54,108
20,736
48,500
77,150
43,150
69,763
19,304
29,159
30,631
75,127
99,502
50,109
63,658
17,567
43,031
99,172
68,332
61,798
82,649
57,807
95,786
83,386
73,041
39,628
91,390
24,362
86,364
40,070
78,977
86,618
88,304
65,235
24,081
39,104
42,959
26,877
52,453
44,751
34,395
67,377
37,118
59,454
74,371
83,142
46,367
33,199
35,032
27,784
62,117
62,459
82,508
51,636
78,278
77,837
76,815
52,734
65,907
30,189
32,086
93,764
77,150
45,081
64,136
39,787
41,184
98,621
49,042
10,614
28,501
43,486
30,287
58,768
22,269
34,936
19,412
66,752
93,607
79,487
40,749
94,428
22,396
18,183
76,886
73,764
23,368
31,020
89,955
99,832
43,223
90,342
74,369
68,930
67,070
92,344
76,181
22,923
54,234
36,663
29,883
22,805
45,077
60,902
45,926
66,136
38,723
50,447
43,662
15,665
70,359
25,667
86,880
99,116
41,641
23,177
86,889
85,019
84,500
38,393
63,219
47,685
49,789
22,003
35,739
48,991
71,389
60,829
23,491
59,879
54,408
40,579
83,578
19,227
79,386
93,509
60,606
80,358
70,230
63,981
54,867
97,176
55,658
66,970
18,630
77,169
12,763
32,413
21,684
31,436
38,247
40,463
61,876
16,592
30,870
96,718
49,339
46,198
47,764
83,175
14,771
97,948
14,495
50,250
85,230
60,102
53,642
42,239
55,722
49,551
17,995
92,458
60,248
24,498
21,480
58,340
49,421
52,532
26,259
45,894
35,197
23,147
40,873
97,813
47,092
88,126
54,349
27,312
11,754
45,452
70,687
50,440
87,038
94,891
74,038
84,867
95,115
48,468
26,182
32,446
76,742
66,069
27,117
47,602
37,042
32,457
42,647
44,163
52,626
22,265
13,742
42,743
44,003
75,699
94,366
96,773
57,751
66,059
32,553
95,451
93,624
65,328
78,603
65,535
14,006
25,897
97,459
62,696
16,239
59,150
42,062
65,342
14,355
32,014
69,340
35,286
61,261
82,745
67,428
48,007
27,773
71,118
14,998
71,067
98,873
82,561
18,728
73,735
12,700
20,588
99,819
80,997
55,644
89,404
35,918
52,395
75,653
86,758
35,310
81,347
52,779
25,153
17,536
88,944
28,813
57,188
49,411
81,534
68,910
98,254
96,796
59,846
24,894
53,865
87,031
40,703
14,088
90,275
48,984
39,838
52,468
56,442
82,059
27,719
74,856
46,373
21,850
90,039
58,740
87,767
70,405
48,149
36,268
63,359
36,522
45,955
55,147
52,647
72,096
41,530
22,563
23,707
36,000
18,350
63,453
39,787
93,685
75,388
78,524
25,342
83,276
49,334
18,131
39,302
59,948
76,795
91,537
23,057
88,579
27,459
40,992
98,532
46,002
32,119
34,833
20,699
82,020
85,026
74,355
56,656
74,893
32,548
44,066
58,791
65,009
63,306
42,351
46,965
57,512
16,865
11,360
64,507
24,511
32,318
97,891
11,486
11,005
13,957
55,743
74,096
71,401
41,316
98,896
62,292
44,659
85,662
69,684
73,719
99,824
77,557
58,758
28,457
56,816
22,309
86,487
46,492
62,095
26,417
78,200
20,219
19,623
34,815
85,303
92,128
24,744
82,623
67,927
80,963
52,562
25,987
33,438
58,741
58,764
98,290
54,569
67,563
91,813
46,814
16,060
63,954
51,094
20,869
18,398
70,037
85,593
76,874
67,988
76,422
87,007
23,614
31,963
16,851
24,943
69,620
39,447
15,595
15,766
31,067
85,738
37,600
95,355
50,242
76,824
91,477
58,466
69,553
63,030
13,282
85,637
26,993
96,626
11,262
20,338
97,480
93,922
82,539
20,464
27,884
90,718
29,768
88,021
35,871
23,534
66,695
88,866
49,605
98,482
20,830
11,823
42,456
19,734
13,045
75,961
77,342
18,506
88,505
24,959
30,978
28,761
27,163
96,839
55,943
80,165
78,730
70,988
77,144
17,722
41,449
36,764
28,786
12,411
24,447
31,875
15,227
37,264
55,580
24,388
62,319
31,887
13,759
27,364
41,391
68,183
30,133
84,820
53,837
77,658
99,971
38,323
32,262
19,745
42,328
19,279
35,579
55,841
24,656
38,514
51,295
23,593
10,325
62,983
77,562
69,474
99,457
69,875
36,596
91,233
44,630
94,085
87,597
44,451
77,542
40,987
72,569
81,282
74,452
13,411
59,293
67,725
91,868
47,976
98,186
64,345
90,372
99,100
89,704
20,412
13,625
10,493
13,582
46,215
49,869
90,850
81,318
28,408
54,177
77,686
17,937
29,396
94,779
34,405
98,660
66,952
88,798
75,314
40,376
55,729
71,081
14,658
88,436
35,343
79,788
29,033
24,876
89,953
45,111
64,758
41,635
34,234
39,896
24,741
39,413
18,284
73,535
29,209
31,258
74,041
89,775
89,993
41,736
14,384
32,597
37,861
39,713
66,176
89,382
28,022
47,186
37,243
14,694
12,642
78,837
71,764
74,790
44,295
18,765
73,972
61,899
17,950
46,103
38,038
67,082
44,083
39,529
27,049
99,892
67,505
62,236
38,835
92,803
83,009
63,460
95,921
56,148
42,327
29,707
92,706
74,286
25,993
32,990
38,851
46,508
52,713
70,938
55,298
39,548
50,364
26,685
58,798
99,291
14,312
76,627
73,194
37,206
68,427
17,677
46,234
52,600
45,079
14,201
10,561
92,056
21,896
21,850
12,683
90,455
13,748
52,798
34,634
66,471
15,862
30,209
76,105
28,725
90,136
33,041
35,998
48,503
68,500
79,365
98,977
41,070
41,846
78,307
81,349
50,203
77,203
34,274
28,972
42,274
23,393
58,594
74,918
58,962
92,740
34,208
37,229
89,578
95,647
30,718
38,638
80,726
32,373
11,872
68,622
64,438
56,185
36,624
34,130
56,771
67,032
87,095
17,725
49,970
75,240
43,391
51,292
35,216
26,787
50,035
42,354
11,114
79,272
76,806
96,418
18,829
15,458
45,876
46,850
64,505
28,280
51,494
88,314
29,689
22,980
34,773
29,896
55,117
67,451
82,877
14,463
18,119
86,868
85,246
47,584
12,590
88,770
12,871
94,801
54,181
75,385
20,549
55,622
77,723
65,150
53,967
75,492
24,378
33,063
86,796
69,208
42,924
12,612
81,995
74,081
60,506
14,065
66,012
67,455
13,076
17,964
22,350
56,040
47,631
70,911
73,295
51,550
90,870
53,529
39,962
55,264
60,753
56,933
76,171
29,593
32,468
10,328
51,496
44,899
48,896
42,187
80,654
71,833
39,134
49,896
25,968
46,933
57,932
20,556
21,973
45,602
41,438
59,486
17,308
19,832
13,962
99,520
21,344
26,470
63,749
74,824
83,518
94,767
81,221
74,383
21,040
61,876
12,664
76,198
19,300
32,460
25,822
27,839
52,735
54,337
67,983
33,401
58,084
55,365
87,724
19,655
22,497
82,315
86,620
48,322
53,957
28,547
98,927
35,253
13,459
49,352
66,778
63,983
46,887
12,510
50,552
64,096
66,585
49,353
13,073
20,951
87,550
66,348
49,564
53,988
36,283
10,696
98,159
59,290
45,962
12,280
59,875
86,228
11,395
10,147
46,463
72,931
46,330
85,333
90,977
71,177
96,275
42,280
88,926
69,671
40,796
43,240
75,317
83,460
42,348
63,811
86,995
59,926
29,784
77,845
71,734
95,765
64,190
84,761
65,040
39,980
99,694
54,695
69,659
66,435
53,066
14,368
13,208
49,023
38,036
90,261
21,301
27,836
51,816
48,863
50,616
83,593
95,623
82,554
56,518
87,281
74,033
67,398
71,943
73,043
78,864
35,721
30,320
83,950
60,444
69,151
15,285
21,149
58,535
85,123
96,065
75,558
92,370
37,211
95,166
34,712
55,455
24,995
97,115
33,285
17,948
24,175
92,224
88,510
31,372
94,798
97,999
78,725
44,562
75,983
39,277
48,915
45,494
27,808
95,011
79,420
70,036
13,835
57,021
18,451
36,888
35,433
50,364
94,254
53,062
24,929
34,635
68,470
53,979
16,969
55,293
64,807
17,317
73,911
80,934
94,502
74,184
87,328
45,379
64,266
78,157
79,926
10,649
13,526
78,764
56,686
19,403
94,145
58,385
88,245
58,789
16,736
97,261
89,810
36,016
33,321
28,018
30,025
91,143
85,215
74,255
48,016
46,604
24,382
34,029
82,383
52,769
92,678
95,690
47,064
41,190
74,545
83,548
53,906
89,115
34,729
46,668
76,705
51,467
76,372
54,678
96,139
70,804
45,564
31,345
35,114
10,157
88,421
97,420
13,639
83,061
41,409
62,145
36,048
74,207
15,060
22,766
16,545
25,359
64,944
29,003
71,140
27,706
65,329
56,459
79,379
17,209
74,920
26,292
94,026
69,974
64,382
29,572
56,758
57,942
53,832
46,507
55,777
69,412
91,358
23,483
48,104
52,203
52,895
96,021
35,569
88,261
88,034
72,825
32,571
97,667
54,910
45,723
29,729
49,761
41,795
31,771
15,892
77,327
98,498
18,131
89,601
48,428
92,746
28,800
84,722
48,908
84,625
59,788
73,721
74,896
80,305
78,635
77,290
82,510
15,613
33,139
99,720
70,578
50,391
46,153
70,279
53,634
81,374
56,171
64,593
65,660
55,333
94,544
24,212
11,907
28,066
48,903
87,861
51,492
54,754
30,817
24,827
79,426
37,645
16,068
99,730
68,331
30,872
59,216
13,781
95,951
61,748
61,269
88,185
97,515
90,980
49,279
53,003
13,532
87,533
21,489
30,510
44,062
13,978
24,556
45,050
38,927
86,795
97,040
86,475
65,254
57,323
86,048
74,665
18,640
88,161
29,200
83,415
87,337
74,485
20,613
14,447
55,187
18,544
46,909
27,840
73,687
99,013
54,183
98,075
34,823
29,270
81,225
36,603
57,603
42,950
38,845
58,534
73,332
16,047
89,233
43,153
49,704
67,820
60,545
85,685
92,996
56,237
29,970
38,787
13,242
94,802
14,363
48,771
36,340
83,905
43,879
79,440
23,638
24,668
32,860
62,606
99,939
89,627
52,653
76,922
35,548
21,100
86,738
16,010
15,424
56,327
88,760
32,874
31,740
31,528
88,981
21,057
54,889
13,924
25,443
52,131
45,742
60,609
75,539
79,869
34,517
71,408
12,718
83,289
31,771
31,294
25,684
58,436
23,599
41,039
19,694
20,978
42,988
19,495
98,926
31,298
97,704
81,196
59,376
99,559
59,078
99,754
88,767
12,331
97,072
35,439
58,630
55,014
17,084
93,403
36,123
31,153
13,375
62,139
21,006
51,884
56,602
83,166
88,944
56,238
20,355
26,187
19,466
22,041
91,846
77,377
11,658
48,048
57,700
33,831
83,742
89,648
61,472
55,651
85,745
99,151
44,675
31,217
13,077
40,925
31,572
79,804
16,362
57,146
26,077
54,860
79,144
91,879
22,732
45,037
86,665
68,230
84,100
94,888
85,090
88,434
93,128
44,610
27,505
94,237
97,759
26,213
64,978
40,374
97,788
63,311
40,332
56,301
85,829
79,301
43,785
29,948
62,634
38,274
39,400
93,287
79,814
24,030
96,707
21,323
19,360
43,257
57,508
63,251
45,239
16,725
86,508
58,082
76,838
56,961
74,392
79,173
34,534
65,834
78,993
54,151
90,887
53,781
64,631
72,772
88,420
63,692
67,961
46,078
22,161
87,767
61,569
17,791
88,285
92,318
88,177
63,124
20,681
24,543
99,315
61,678
20,421
93,667
55,174
65,418
13,135
70,177
54,583
89,256
73,763
95,292
40,007
85,522
42,459
74,660
13,754
24,592
71,611
64,485
89,337
43,379
67,863
54,381
74,644
86,590
26,758
63,463
87,598
72,096
43,928
95,075
75,889
34,993
86,876
17,324
66,278
82,964
53,625
61,012
54,634
62,737
68,246
30,577
64,603
78,377
21,675
48,112
13,625
76,105
55,978
67,814
50,518
19,242
83,902
33,220
59,506
11,657
68,317
90,055
73,669
23,761
43,289
97,049
51,570
23,481
81,939
98,432
39,368
75,135
10,690
64,749
58,419
94,924
64,386
37,019
72,722
37,636
30,102
49,025
22,910
38,996
85,857
18,439
13,025
68,901
59,166
49,473
75,610
83,582
85,913
68,569
61,030
40,633
66,350
70,965
64,086
88,080
23,760
50,768
97,899
62,570
93,336
95,045
73,294
74,913
36,919
33,104
83,491
61,779
70,724
85,121
58,882
71,237
65,504
38,865
37,478
14,236
39,389
59,744
50,458
41,587
40,099
64,943
34,558
29,983
11,627
35,578
52,913
72,298
12,369
36,175
41,852
54,202
50,109
74,691
63,234
66,578
60,181
27,894
81,326
22,973
76,462
90,963
14,837
32,394
68,498
48,608
73,417
60,001
18,225
47,395
89,882
43,270
66,883
17,920
23,174
26,798
33,518
56,986
84,307
85,236
77,829
70,991
85,030
59,087
22,387
99,052
79,836
76,232
51,269
10,310
91,892
69,242
34,606
69,364
89,150
82,374
47,896
92,217
11,314
44,073
63,003
88,889
58,457
14,614
34,318
69,381
59,826
30,251
86,789
69,364
53,524
81,698
93,199
89,847
67,110
43,392
49,073
49,475
38,522
39,270
51,404
42,925
24,509
42,929
69,050
97,385
85,629
51,837
37,411
20,240
90,417
59,239
27,717
21,845
25,469
43,048
97,628
13,074
97,397
31,872
67,274
62,106
47,516
70,138
12,412
59,564
48,498
49,331
95,694
17,351
14,824
45,318
10,321
27,346
18,550
31,549
40,814
23,773
54,941
81,457
48,182
13,739
25,010
89,065
46,885
29,645
56,603
44,191
92,154
24,581
71,728
30,866
43,405
57,790
29,836
88,001
27,203
49,783
11,298
85,335
83,848
74,668
89,222
86,547
98,477
54,048
23,541
43,682
31,505
11,820
21,120
31,418
49,956
67,339
88,493
85,479
82,510
11,712
97,505
58,883
37,134
67,757
87,908
76,664
14,543
26,885
30,948
14,255
64,218
14,163
67,975
47,672
61,287
65,185
52,602
78,203
53,032
11,123
16,721
63,938
29,740
92,060
77,595
62,541
69,624
79,059
20,058
95,571
28,259
88,976
54,772
33,027
97,958
71,136
58,502
99,948
51,155
20,537
43,500
66,380
47,719
22,852
31,104
82,897
59,084
39,087
89,227
21,841
63,591
29,268
23,598
27,089
18,680
33,511
16,244
50,722
39,020
68,511
23,859
72,930
82,837
85,696
63,186
47,335
77,061
29,953
64,069
55,054
32,874
69,374
61,313
79,006
24,114
17,441
55,228
83,850
16,397
32,906
19,941
99,791
80,662
14,290
42,025
22,539
20,412
21,683
68,484
72,051
83,604
68,691
81,410
42,704
45,447
31,699
80,762
93,881
71,541
93,439
37,678
42,259
77,321
22,827
24,013
66,644
43,469
14,067
46,499
59,795
73,188
82,845
74,432
85,215
13,345
76,457
26,257
17,672
76,128
10,216
40,091
37,831
64,751
40,311
87,416
45,030
89,677
34,621
55,845
19,352
21,127
48,964
31,547
22,724
67,534
13,186
45,955
81,590
90,178
45,267
10,396
17,765
45,736
88,461
65,774
26,091
43,876
89,097
42,463
52,701
64,221
83,556
44,780
19,605
52,574
50,851
49,934
55,098
94,267
65,849
30,464
83,550
40,112
49,080
88,178
50,295
70,239
75,278
74,735
48,652
90,692
82,858
44,921
49,142
28,930
94,140
47,022
20,110
20,248
20,807
25,975
64,286
52,819
43,113
88,302
98,180
43,752
20,599
48,754
23,694
30,273
87,410
83,499
51,774
98,154
25,548
72,474
35,685
20,522
83,869
28,733
65,848
79,286
73,019
94,038
64,084
59,002
16,446
34,505
20,139
56,677
76,639
27,809
11,172
81,194
50,646
80,471
82,583
12,161
26,182
73,889
42,244
68,719
87,861
32,043
59,982
34,218
17,303
74,092
90,265
22,739
15,794
37,799
98,040
41,615
85,833
40,740
18,287
47,652
45,727
81,199
62,300
75,155
23,454
13,094
15,473
42,212
25,470
98,776
87,245
84,649
50,516
14,122
80,862
48,816
72,386
79,283
80,775
37,782
43,222
22,368
14,112
73,745
46,832
36,987
54,283
70,300
26,327
10,823
99,541
31,962
32,745
93,634
59,788
63,728
30,464
91,654
27,806
37,045
39,701
23,262
90,419
39,966
92,287
82,548
65,819
44,426
65,960
92,586
18,432
33,539
88,161
76,408
74,454
70,275
56,511
23,854
30,837
57,242
80,899
86,058
45,518
68,173
86,323
63,951
97,716
53,598
38,172
19,493
67,745
82,976
36,135
52,091
13,264
49,761
16,728
62,382
97,180
92,522
22,704
93,713
74,554
35,412
88,935
74,549
26,735
13,502
55,508
39,044
17,223
95,592
17,361
42,671
47,481
87,413
52,796
78,809
42,588
31,576
71,332
50,726
67,965
90,393
25,968
31,334
49,978
83,764
79,439
68,541
94,655
12,063
43,285
98,345
20,414
84,546
50,247
94,935
30,554
20,299
72,082
92,870
92,117
36,217
64,506
89,647
37,876
96,019
64,632
79,237
35,955
13,705
59,751
83,317
67,624
72,024
38,660
38,375
68,866
93,732
40,242
91,021
66,913
23,695
51,071
88,865
30,766
39,145
75,319
85,506
72,901
29,213
50,209
92,329
45,342
13,362
22,657
76,300
99,294
70,820
11,736
73,655
98,187
65,273
30,144
20,027
91,567
87,581
75,603
93,153
85,312
38,960
39,208
83,215
80,428
59,513
65,545
11,379
92,218
73,672
42,209
57,735
36,789
18,004
79,105
92,781
44,673
97,526
37,460
22,014
47,181
39,422
88,972
69,688
50,690
31,973
62,569
39,618
93,901
64,110
46,894
63,424
50,083
36,092
49,026
14,243
55,119
98,569
86,670
38,191
48,311
63,945
32,928
98,740
20,411
23,425
44,395
41,850
16,155
52,048
91,431
74,094
61,332
52,325
13,216
63,881
64,877
59,395
20,432
12,722
85,777
90,808
66,604
37,057
21,210
38,109
36,561
27,094
65,847
46,922
67,075
18,092
77,915
49,626
63,417
60,460
37,659
17,848
28,931
19,177
53,257
64,420
78,180
72,459
57,096
63,687
64,141
22,930
56,361
20,110
41,447
78,908
95,784
40,573
57,855
12,222
23,776
44,944
32,339
16,295
84,980
10,722
27,750
26,221
42,817
29,044
40,769
50,539
39,850
83,087
18,041
60,738
41,038
89,566
18,652
71,761
99,842
46,397
44,979
67,013
55,780
97,486
14,821
69,784
47,167
39,612
95,141
26,047
84,581
85,686
89,454
63,532
14,162
62,364
70,918
20,058
49,830
14,061
63,634
17,433
71,070
46,407
18,428
10,726
27,172
80,762
87,253
76,449
68,385
93,243
97,568
21,705
54,401
95,194
64,278
70,669
65,810
50,318
85,243
79,166
35,009
24,419
10,648
58,603
46,499
18,425
72,526
28,792
10,986
28,451
32,142
85,248
39,402
76,704
65,121
57,029
35,139
53,643
17,264
20,928
79,172
98,374
46,348
82,423
32,827
41,858
44,935
11,363
12,181
69,581
99,459
23,519
45,797
24,290
14,030
57,757
43,457
27,566
91,629
70,912
14,750
70,406
31,247
94,388
43,799
61,209
51,958
72,847
96,891
18,933
21,134
71,701
70,252
99,327
25,186
15,369
51,234
96,912
97,644
57,549
52,253
94,752
59,671
59,348
47,536
71,632
59,166
65,342
62,648
81,398
39,019
11,229
54,983
73,700
66,878
80,466
49,143
18,279
21,131
89,418
91,305
28,212
55,953
30,463
73,803
52,671
42,431
84,582
98,979
91,955
59,404
94,256
64,602
63,247
53,958
58,429
89,732
28,245
82,851
31,672
25,416
21,676
20,765
79,972
21,635
83,597
78,724
79,838
75,867
32,037
51,595
70,837
61,150
57,636
13,003
87,250
82,992
70,250
80,193
34,794
71,289
39,036
70,524
94,029
59,079
43,153
99,145
99,276
62,627
47,770
21,507
46,698
15,596
29,914
19,423
45,878
77,019
83,389
27,103
49,345
25,338
61,207
75,325
88,866
29,179
37,948
51,468
44,518
93,593
56,683
76,017
88,885
51,220
39,488
76,425
19,040
62,366
86,399
25,669
10,828
99,014
73,155
56,821
55,996
29,935
99,835
21,921
61,815
28,201
75,011
37,835
20,213
72,901
36,116
41,201
16,887
72,798
66,479
93,291
41,534
12,720
71,754
62,443
38,881
12,352
29,838
59,675
15,073
28,101
30,715
95,064
39,365
60,627
67,862
45,838
68,507
90,441
79,891
67,176
70,454
84,222
22,590
42,265
83,617
72,093
63,900
48,603
69,452
42,031
21,656
13,901
23,798
90,800
53,150
27,744
80,467
43,351
79,554
55,873
50,414
71,308
64,881
59,629
13,580
99,298
83,864
15,013
75,479
65,941
45,575
96,177
21,379
13,346
25,076
54,139
94,374
57,490
33,532
22,689
10,006
92,708
80,920
31,930
11,612
40,682
19,146
13,744
49,503
53,386
31,219
54,960
68,424
79,261
42,292
72,958
24,702
75,052
47,684
20,884
66,016
25,528
39,384
31,420
80,838
90,518
18,899
43,759
14,005
58,243
19,042
26,484
79,554
36,319
83,353
92,794
25,135
71,991
69,398
72,296
42,255
73,263
93,529
75,483
66,179
49,498
90,180
96,766
59,863
65,316
68,143
50,224
91,114
43,835
50,574
73,123
56,205
98,744
53,588
40,688
87,503
55,408
74,008
88,977
98,012
13,665
72,466
69,199
17,352
59,241
17,588
63,092
93,116
11,645
67,212
53,124
70,642
38,035
63,618
79,105
70,153
95,224
13,052
52,087
93,319
16,701
47,635
26,206
42,534
45,012
68,992
71,535
55,298
57,366
43,572
73,609
38,323
31,293
33,084
73,960
31,024
32,120
57,005
43,494
33,001
46,197
62,951
10,495
93,715
25,952
56,149
16,196
14,372
28,191
34,623
58,271
36,468
81,919
24,088
38,865
56,128
32,737
57,150
73,493
26,280
33,467
94,703
58,039
68,921
40,607
73,173
83,795
78,045
35,326
64,670
93,638
12,842
54,492
32,966
16,035
81,641
90,570
89,108
45,000
77,242
39,875
18,891
15,756
51,057
55,332
33,301
54,431
63,566
82,752
55,333
43,829
71,871
76,630
73,425
70,171
12,625
14,160
40,092
74,920
12,958
74,689
45,780
38,605
20,533
64,468
47,215
93,023
41,765
21,276
97,229
38,315
40,217
25,344
51,786
65,606
76,259
36,268
37,902
81,098
38,231
63,924
82,708
23,970
91,792
80,408
68,360
24,131
61,033
90,560
63,415
95,705
24,904
42,773
20,257
90,240
81,835
21,409
53,909
97,911
86,827
85,590
58,886
61,461
23,437
25,857
76,543
15,415
20,541
72,396
27,425
37,705
51,700
47,205
59,706
38,546
83,144
68,688
83,022
70,912
49,245
10,978
26,846
69,772
72,202
11,913
46,490
77,295
39,260
80,802
57,342
61,228
70,931
28,164
67,859
46,716
63,185
45,869
48,197
71,944
41,972
10,053
94,509
11,526
10,941
74,393
28,710
98,612
50,672
15,911
31,096
77,619
61,469
12,430
13,065
31,976
52,396
58,347
47,180
56,656
24,514
78,219
44,413
39,474
35,786
13,170
65,470
89,115
46,996
70,716
29,906
99,113
59,545
99,072
77,909
78,924
14,529
37,198
52,014
17,912
69,302
65,428
77,639
98,770
42,405
44,098
26,112
51,440
71,021
65,357
50,503
27,263
19,493
80,457
52,329
92,696
12,250
93,123
30,531
13,501
13,873
82,446
33,748
27,363
44,747
62,368
19,226
71,151
88,121
11,673
52,424
82,359
83,921
38,193
47,679
37,218
84,526
49,000
18,357
68,791
73,483
85,972
54,716
14,336
38,844
34,660
55,989
11,924
98,446
98,744
13,634
64,947
26,604
43,393
37,688
39,174
51,345
74,963
32,964
95,141
68,474
11,348
25,222
16,028
73,681
29,697
88,532
84,402
70,715
94,950
92,387
68,791
30,582
49,808
33,635
39,403
46,130
46,240
89,864
82,904
18,052
47,695
17,742
16,433
55,452
49,045
76,977
90,688
42,818
51,054
35,202
97,489
11,974
94,881
61,439
55,880
21,332
54,613
33,783
74,873
43,804
79,965
35,675
17,536
44,298
64,553
76,494
97,999
82,741
72,485
66,807
71,998
40,097
63,268
54,828
16,094
16,252
45,338
97,691
33,146
83,470
95,106
95,219
35,061
97,421
39,185
72,932
42,406
19,963
69,354
56,029
43,430
99,206
15,718
25,749
31,142
44,635
16,455
39,287
62,913
11,978
95,394
83,617
80,626
76,139
56,078
19,218
26,889
32,430
13,964
90,114
70,748
69,805
97,111
52,597
33,311
16,309
42,864
89,086
53,757
42,196
11,132
37,608
39,858
17,266
60,573
13,556
30,665
70,975
46,472
17,654
66,645
18,779
51,421
18,178
58,663
35,592
38,912
78,461
78,641
41,107
99,566
76,521
91,226
28,465
30,579
45,025
97,871
71,622
56,247
11,436
90,104
41,216
55,222
50,314
15,037
64,407
42,710
63,286
84,151
56,886
26,399
37,187
63,205
66,878
29,977
59,528
28,940
69,700
96,347
89,258
12,701
16,692
34,877
61,572
60,522
76,710
99,308
87,136
88,216
28,639
37,553
96,066
58,418
19,755
39,124
41,188
16,710
81,305
38,547
24,437
36,467
38,100
35,667
44,798
71,090
47,475
83,549
71,557
36,673
93,159
30,024
29,496
46,636
88,237
74,723
70,919
44,875
27,871
92,322
85,941
19,930
10,858
88,280
62,064
53,845
48,521
19,553
72,194
21,140
95,336
25,822
60,407
64,188
58,748
68,183
51,305
71,735
99,159
88,950
91,621
97,211
73,620
53,299
39,389
70,982
22,563
99,331
41,149
55,036
78,162
46,039
26,804
16,042
50,878
92,683
86,649
69,997
11,722
32,558
99,298
57,753
99,075
73,418
63,067
38,021
70,445
48,090
47,020
65,108
56,747
86,030
68,554
71,438
30,153
94,581
18,099
13,833
43,524
73,614
93,402
40,172
84,962
92,085
34,268
58,580
40,223
39,247
90,473
99,460
77,100
21,080
94,747
21,546
64,431
16,561
72,829
54,275
32,520
48,985
53,745
98,075
89,110
37,510
86,286
62,654
87,145
99,167
87,933
72,217
51,293
17,482
94,771
34,116
31,918
12,189
98,553
81,413
20,113
73,856
70,262
11,817
17,478
73,801
53,969
50,078
38,615
38,389
70,515
68,489
92,570
86,557
15,867
75,642
55,458
63,785
77,503
87,284
23,244
65,814
38,158
35,232
73,106
19,534
73,887
13,647
65,453
63,510
92,816
99,431
55,891
59,398
66,685
38,836
72,555
91,697
43,569
79,841
49,353
42,975
71,856
82,389
30,099
82,193
93,701
56,081
82,051
87,854
84,007
43,566
14,482
17,511
85,323
98,591
18,411
74,974
74,156
26,485
20,129
29,153
82,568
18,636
51,253
65,218
30,008
71,839
32,654
69,883
85,692
83,546
71,733
59,867
56,673
16,368
69,928
29,936
13,201
14,149
17,876
23,562
43,830
31,976
87,480
79,203
50,068
56,304
59,616
65,165
51,107
35,468
44,937
50,119
36,344
85,679
16,357
73,032
64,189
36,852
31,723
44,563
22,924
51,788
99,780
64,180
46,434
64,733
72,091
84,660
71,793
25,621
67,760
91,325
94,818
82,293
53,819
25,881
59,450
34,733
79,986
19,624
44,360
69,229
26,889
49,093
24,975
25,168
84,917
95,882
47,927
50,006
64,657
93,707
66,353
34,073
63,496
77,234
60,515
39,334
61,205
71,456
65,074
16,556
55,841
48,354
99,594
63,288
31,620
27,585
71,934
13,217
45,023
17,513
63,889
76,104
24,627
12,938
17,852
58,191
75,407
33,015
26,499
37,075
36,855
50,868
81,526
38,172
13,709
89,342
36,879
30,111
54,861
19,580
37,737
52,283
91,640
21,222
77,981
47,188
34,431
79,581
46,300
97,654
57,570
20,383
80,872
57,333
33,656
46,579
42,951
61,654
55,546
33,295
29,735
91,813
85,345
34,384
36,172
76,445
82,706
28,218
79,827
25,297
96,879
52,358
75,264
60,947
72,184
17,858
55,389
97,611
43,053
33,875
35,853
83,133
23,500
59,416
14,870
25,475
40,515
30,769
37,793
80,972
78,502
13,840
25,235
86,703
28,132
54,842
48,460
34,062
24,764
50,410
84,933
11,148
90,340
37,520
64,317
44,692
36,850
56,105
96,455
86,378
43,115
75,889
32,386
69,664
77,334
45,202
34,970
40,895
35,766
38,680
49,404
41,950
61,098
31,560
92,370
76,943
34,111
42,519
86,951
81,369
65,715
25,859
30,360
28,954
86,719
39,985
83,596
12,924
78,642
58,407
83,126
40,371
63,112
65,789
56,271
63,639
51,135
38,777
80,435
19,498
81,845
29,906
90,002
53,791
62,321
35,069
10,746
91,188
85,584
72,467
73,495
52,558
50,908
84,771
63,705
88,891
26,254
21,035
34,511
78,297
86,592
82,380
13,715
14,152
44,085
48,078
44,873
79,488
65,993
86,006
44,843
58,275
62,345
34,720
32,266
18,002
35,409
63,966
54,596
61,739
37,227
46,235
66,135
25,303
84,912
95,999
41,236
36,442
43,734
89,332
67,718
39,482
95,788
76,826
31,267
59,470
15,877
80,040
64,005
41,238
19,416
73,914
78,768
40,200
43,101
92,030
24,516
46,894
69,414
78,845
39,805
43,444
80,468
62,192
86,924
23,195
23,043
76,611
86,754
92,880
20,409
49,882
85,118
77,183
55,747
49,864
44,193
25,325
80,696
45,388
30,847
27,283
36,694
55,497
61,649
81,893
80,597
63,540
94,249
61,833
20,974
44,638
37,866
31,384
40,968
17,930
17,257
83,652
54,128
74,531
82,113
25,710
14,735
64,683
21,369
99,130
39,935
31,851
16,705
38,495
23,507
84,619
71,210
50,439
12,963
28,671
46,363
52,387
59,951
43,382
34,535
96,393
26,018
79,658
30,128
54,540
52,948
60,229
41,206
76,553
63,687
67,395
45,915
17,457
81,693
42,864
23,286
85,414
40,002
66,199
22,021
17,735
64,252
40,618
11,573
84,802
37,012
37,663
95,665
59,744
47,946
12,764
13,718
23,561
45,500
25,202
60,767
19,596
53,086
55,100
27,415
60,622
27,163
98,630
63,118
87,714
79,028
15,578
43,107
10,763
71,939
21,815
28,095
22,988
30,826
40,876
19,520
27,219
32,943
75,934
68,489
58,428
36,378
80,690
70,613
31,563
40,108
89,972
81,867
12,301
74,162
28,034
10,490
61,316
71,107
94,594
84,222
19,560
48,760
57,730
18,849
87,309
75,414
55,632
36,055
66,846
55,615
22,969
44,822
43,474
78,335
92,256
68,721
93,206
96,617
88,874
95,011
16,957
55,103
97,761
63,996
22,014
85,566
89,371
50,612
88,637
28,972
46,520
70,786
34,104
41,263
92,348
40,644
63,454
25,538
53,611
94,236
16,224
37,329
15,444
80,518
27,815
17,913
36,957
73,577
64,385
34,696
38,902
91,861
60,767
24,843
43,806
27,583
59,559
13,391
59,828
16,916
64,758
94,918
13,358
48,055
57,385
43,351
49,505
74,983
39,865
10,943
61,951
94,002
71,321
43,384
87,455
48,664
52,028
32,960
24,251
82,808
46,302
59,619
41,053
83,980
89,967
93,076
44,048
23,739
19,085
64,769
11,693
32,398
47,017
73,075
51,220
77,368
97,045
94,588
45,454
77,310
43,340
41,175
19,318
76,175
65,194
24,191
20,535
64,921
39,233
52,344
30,652
36,668
94,428
54,800
81,966
30,900
22,547
30,999
68,243
83,624
52,994
33,129
44,734
34,471
74,762
38,603
56,242
94,024
16,670
42,146
48,519
26,190
14,216
96,217
65,102
92,069
65,849
97,272
48,950
89,746
77,408
97,860
63,129
83,041
14,164
44,806
83,545
59,144
41,304
21,734
59,607
48,749
95,505
43,193
82,599
64,799
39,346
27,924
35,850
59,189
79,728
75,630
25,623
65,548
72,473
25,695
83,935
52,912
48,137
30,163
92,754
37,291
66,129
41,663
67,586
19,983
92,306
14,449
61,307
13,041
36,767
75,676
43,880
44,661
81,922
53,502
74,261
59,969
75,366
12,325
12,213
27,079
15,163
14,852
60,863
69,796
62,816
88,720
32,050
96,512
32,248
87,353
71,997
45,553
72,915
67,893
37,552
32,157
88,474
70,176
67,277
68,766
91,845
34,343
41,442
47,485
63,646
73,880
21,689
51,015
38,492
74,835
12,081
54,324
16,355
68,062
62,963
64,897
37,027
20,392
33,241
23,051
78,456
59,122
71,605
30,494
24,767
30,508
98,319
32,788
12,923
98,787
86,828
16,731
13,618
38,808
82,213
78,716
62,312
71,896
62,662
91,203
71,125
89,233
40,073
26,339
78,040
39,455
98,520
24,089
26,805
12,145
80,180
37,728
20,693
44,321
91,800
69,151
21,467
78,791
71,158
55,008
73,425
11,977
90,432
59,350
51,995
81,645
81,517
65,317
75,946
38,215
40,544
19,431
71,414
79,376
97,016
95,620
78,085
50,310
26,247
69,014
75,674
25,925
51,027
39,616
51,616
17,975
32,204
57,335
35,679
28,202
16,717
80,251
32,956
75,536
80,382
12,953
24,971
63,532
40,260
98,563
75,865
13,298
60,479
82,511
62,777
92,202
50,206
47,082
66,307
81,903
64,977
31,697
58,364
75,627
70,117
51,411
92,452
18,659
53,835
52,457
10,295
43,585
61,874
85,930
64,201
74,017
85,780
37,763
35,723
88,344
60,356
17,638
35,370
10,446
61,520
36,456
56,820
57,293
58,615
23,929
75,278
30,463
10,861
86,535
32,561
63,655
86,846
84,323
33,590
52,492
55,400
73,893
99,417
68,136
71,210
48,310
14,389
63,666
71,767
27,555
60,399
17,880
78,947
88,750
49,266
69,505
81,244
30,747
33,328
48,734
93,001
73,966
91,364
96,368
43,638
96,863
41,850
44,030
17,009
25,271
37,515
57,160
43,320
25,596
59,029
29,605
28,515
19,450
93,825
43,078
91,056
74,691
35,298
42,861
21,123
65,442
90,497
14,816
51,578
66,115
29,436
90,447
49,243
60,688
70,089
25,033
74,012
59,861
79,044
90,240
79,071
18,859
40,112
43,408
52,642
39,692
80,726
29,797
24,677
19,471
76,098
73,271
46,180
98,964
21,705
83,227
16,674
79,092
23,046
18,851
27,257
39,395
13,821
43,058
21,496
28,425
38,600
11,872
29,487
85,924
80,401
23,001
42,929
59,640
60,025
85,933
77,540
83,966
47,587
83,774
54,059
18,435
11,254
45,754
58,951
47,895
78,732
53,931
87,952
87,898
80,430
71,897
19,460
83,800
48,093
64,473
33,811
23,895
74,718
20,262
21,139
49,086
76,477
46,773
34,176
47,165
12,796
34,494
10,238
63,824
37,696
29,940
79,397
33,422
66,215
95,915
55,051
98,167
15,128
26,002
17,570
92,665
27,298
24,141
52,278
84,439
34,280
92,408
86,677
48,232
59,672
79,671
64,475
12,760
60,335
31,795
78,741
94,714
20,157
98,614
64,884
89,595
31,522
18,986
10,745
59,409
30,629
36,904
24,616
25,624
36,003
17,199
80,780
37,577
79,728
62,329
59,367
54,855
33,448
64,870
35,735
77,123
46,712
81,545
69,720
39,919
29,376
22,634
31,533
44,775
87,917
86,488
77,158
47,724
95,738
64,109
97,284
97,900
48,969
52,126
23,927
37,895
96,218
57,072
12,921
33,884
72,022
32,914
15,690
77,637
65,698
24,025
47,626
66,352
56,112
61,949
90,332
28,097
58,229
79,127
63,258
92,648
20,216
42,379
78,396
49,457
36,143
50,216
36,569
59,012
24,980
87,821
86,501
65,808
50,320
22,733
86,133
15,172
88,473
11,628
87,182
35,724
50,938
98,445
82,730
27,469
76,601
12,896
30,682
38,867
24,390
58,182
29,334
92,621
58,653
24,519
43,346
19,783
67,957
96,629
96,698
75,155
74,039
42,529
78,769
17,363
99,973
54,629
45,252
72,284
57,979
74,159
96,629
76,771
16,230
46,948
16,639
23,185
47,336
59,155
94,271
63,047
75,899
18,948
88,113
98,936
76,642
22,283
17,651
65,471
45,148
64,025
28,984
65,586
12,647
19,241
65,912
81,581
95,008
42,734
59,950
29,899
38,439
93,184
29,255
40,077
36,062
65,341
56,509
86,099
86,009
75,273
54,244
43,675
58,512
81,264
69,924
39,709
60,026
51,224
24,897
49,901
14,374
23,893
68,494
96,810
20,580
64,276
49,176
53,185
57,066
54,887
32,307
20,770
51,716
62,107
12,228
94,624
48,460
64,437
66,006
38,058
88,618
47,141
17,423
29,858
35,665
10,366
44,522
11,894
65,548
22,238
30,206
57,235
52,526
12,478
54,155
57,051
89,088
62,784
44,227
39,699
19,346
18,263
49,106
21,704
79,909
15,509
50,675
75,832
65,385
53,391
98,765
49,089
30,820
46,200
79,841
44,501
62,452
30,441
15,020
42,959
10,188
17,685
47,077
73,807
10,357
10,177
15,932
22,508
75,554
